%YAML:1.0
---
calibration_time: "Sat Jul  9 14:37:56 2022"
nr_of_frames: 5
image_width: 3000
image_height: 4000
board_width: 7
board_height: 7
square_size: 50.
fix_aspect_ratio: 1.
# flags: +fix_aspectRatio +fix_principal_point +zero_tangent_dist +fix_k4 +fix_k5
flags: 6158
fisheye_model: 0
camera_matrix: !!opencv-matrix
   rows: 3
   cols: 3
   dt: d
   data: [ 3.0712091217807451e+03, 0., 1.4995000000000000e+03, 0.,
       3.0712091217807451e+03, 1.9995000000000000e+03, 0., 0., 1. ]
distortion_coefficients: !!opencv-matrix
   rows: 5
   cols: 1
   dt: d
   data: [ 1.6216796468049643e-01, -9.6881918504421027e-01, 0., 0.,
       1.0673634025283936e+00 ]
avg_reprojection_error: 2.9082761973083158e+00
per_view_reprojection_errors: !!opencv-matrix
   rows: 5
   cols: 1
   dt: f
   data: [ 6.31747675e+00, 9.85597312e-01, 6.22846007e-01,
       8.01055014e-01, 6.15476727e-01 ]
# a set of 6-tuples (rotation vector + translation vector) for each view
extrinsic_parameters: !!opencv-matrix
   rows: 5
   cols: 6
   dt: d
   data: [ -3.3805758732136920e-01, -1.2019335664055115e-01,
       -1.4806211892232255e+00, -1.0348572245598328e+01,
       -1.0120334386512582e+02, 6.3930246239267763e+02,
       6.6998222640624036e-02, 3.1629017381808505e-01,
       2.9745076809895310e-01, -1.5454879589658711e+02,
       -1.6459821017231201e+02, 8.7201024652284616e+02,
       6.6990251646448506e-02, 3.2481432935974841e-01,
       2.5399288669098818e-01, -1.9027097692766466e+02,
       -1.6048724191291123e+02, 1.2719134860466604e+03,
       3.5872906353074618e-01, 1.2592126983815061e-01,
       1.3028117376473339e-01, -2.1281319873312796e+02,
       -2.9146684689251174e+02, 1.0682894357816710e+03,
       7.1687140210801817e-02, 3.2839582410524198e-01,
       4.5265740040796931e-01, -1.1826464098685685e+02,
       -2.5524793873585821e+02, 1.2355153407309226e+03 ]
image_points: !!opencv-matrix
   rows: 5
   cols: 49
   dt: "2f"
   data: [ 1.43127100e+03, 1.51422217e+03, 1.46191748e+03,
       1.29163623e+03, 1.49088196e+03, 1.08579529e+03, 1.51625220e+03,
       8.90089172e+02, 1.54009912e+03, 7.04318787e+02, 1.56173901e+03,
       5.27777161e+02, 1.58246375e+03, 3.60764191e+02, 1.68615784e+03,
       1.52159521e+03, 1.70743555e+03, 1.29876758e+03, 1.72735608e+03,
       1.09007385e+03, 1.74563745e+03, 8.92308472e+02, 1.76243909e+03,
       7.06393005e+02, 1.77850134e+03, 5.31338867e+02, 1.79351270e+03,
       3.63310089e+02, 1.94030115e+03, 1.52816467e+03, 1.95309680e+03,
       1.30446118e+03, 1.96515100e+03, 1.09462024e+03, 1.97606641e+03,
       8.95985107e+02, 1.98644775e+03, 7.08226990e+02, 1.99604285e+03,
       5.32793457e+02, 2.00537317e+03, 3.65010010e+02, 2.19660547e+03,
       1.53380566e+03, 2.20054712e+03, 1.30844604e+03, 2.20465088e+03,
       1.09916650e+03, 2.20857910e+03, 9.00697021e+02, 2.21213184e+03,
       7.12385864e+02, 2.21560547e+03, 5.35381348e+02, 2.21898389e+03,
       3.66168854e+02, 2.45508203e+03, 1.54322363e+03, 2.45106641e+03,
       1.31342078e+03, 2.44636206e+03, 1.10296899e+03, 2.44246411e+03,
       9.04809753e+02, 2.43921216e+03, 7.15716125e+02, 2.43603345e+03,
       5.37498474e+02, 2.43348438e+03, 3.66468292e+02, 2.71551782e+03,
       1.55278931e+03, 2.70392749e+03, 1.31950427e+03, 2.69062500e+03,
       1.10829712e+03, 2.67851831e+03, 9.08191833e+02, 2.66794165e+03,
       7.18824219e+02, 2.65842969e+03, 5.39514404e+02, 2.65055396e+03,
       3.66410156e+02, 2.97910376e+03, 1.56017822e+03, 2.95877173e+03,
       1.32671912e+03, 2.93674243e+03, 1.11333936e+03, 2.91689868e+03,
       9.12706787e+02, 2.89971411e+03, 7.21754517e+02, 2.88412891e+03,
       5.40234375e+02, 2.87103711e+03, 3.63364105e+02, 9.48623535e+02,
       1.41426477e+03, 1.10724316e+03, 1.45989417e+03, 1.26743408e+03,
       1.50597375e+03, 1.43206018e+03, 1.55334863e+03, 1.60190735e+03,
       1.60186963e+03, 1.77841296e+03, 1.65158435e+03, 1.96280151e+03,
       1.70410852e+03, 9.05326965e+02, 1.58769299e+03, 1.06034851e+03,
       1.63494177e+03, 1.21841125e+03, 1.68338159e+03, 1.38076367e+03,
       1.73286829e+03, 1.54883472e+03, 1.78444397e+03, 1.72186816e+03,
       1.83719580e+03, 1.90509827e+03, 1.89264502e+03, 8.60490051e+02,
       1.75756189e+03, 1.01370160e+03, 1.80704272e+03, 1.17027319e+03,
       1.85775110e+03, 1.33112219e+03, 1.90988220e+03, 1.49610730e+03,
       1.96392969e+03, 1.66732495e+03, 2.02003357e+03, 1.84676733e+03,
       2.07824585e+03, 8.16743164e+02, 1.92502271e+03, 9.67499268e+02,
       1.97654517e+03, 1.12222510e+03, 2.02964819e+03, 1.28149084e+03,
       2.08431982e+03, 1.44504895e+03, 2.14077661e+03, 1.61423950e+03,
       2.20012427e+03, 1.79050623e+03, 2.26177661e+03, 7.73048218e+02,
       2.09070239e+03, 9.21647156e+02, 2.14459131e+03, 1.07429089e+03,
       2.19974146e+03, 1.23211743e+03, 2.25682520e+03, 1.39454346e+03,
       2.31603979e+03, 1.56240259e+03, 2.37791162e+03, 1.73630481e+03,
       2.44259082e+03, 7.29918701e+02, 2.25427637e+03, 8.76594482e+02,
       2.31032178e+03, 1.02746045e+03, 2.36784277e+03, 1.18340259e+03,
       2.42744604e+03, 1.34424414e+03, 2.48954712e+03, 1.51008691e+03,
       2.55426807e+03, 1.68242395e+03, 2.62153711e+03, 6.86674988e+02,
       2.41627222e+03, 8.31622009e+02, 2.47456836e+03, 9.81596741e+02,
       2.53425293e+03, 1.13558057e+03, 2.59657202e+03, 1.29262451e+03,
       2.66203271e+03, 1.45747754e+03, 2.72967798e+03, 1.62849805e+03,
       2.79938159e+03, 1.03580615e+03, 1.60967920e+03, 1.14550037e+03,
       1.63733630e+03, 1.25563330e+03, 1.66527808e+03, 1.36763489e+03,
       1.69352917e+03, 1.48212720e+03, 1.72235388e+03, 1.59917090e+03,
       1.75187476e+03, 1.72091882e+03, 1.78226831e+03, 1.01066504e+03,
       1.72850793e+03, 1.11846899e+03, 1.75712305e+03, 1.22753320e+03,
       1.78612048e+03, 1.33843420e+03, 1.81567346e+03, 1.45226770e+03,
       1.84610083e+03, 1.56771094e+03, 1.87688293e+03, 1.68886670e+03,
       1.90871460e+03, 9.84439331e+02, 1.84615576e+03, 1.09136133e+03,
       1.87557727e+03, 1.19957849e+03, 1.90589966e+03, 1.31029004e+03,
       1.93665405e+03, 1.42206519e+03, 1.96834741e+03, 1.53745361e+03,
       2.00061011e+03, 1.65663599e+03, 2.03383044e+03, 9.58656921e+02,
       1.96256836e+03, 1.06429309e+03, 1.99308386e+03, 1.17174353e+03,
       2.02437695e+03, 1.28165881e+03, 2.05648804e+03, 1.39329956e+03,
       2.08930957e+03, 1.50731763e+03, 2.12317383e+03, 1.62494128e+03,
       2.15810376e+03, 9.32504333e+02, 2.07778003e+03, 1.03745361e+03,
       2.10956616e+03, 1.14376428e+03, 2.14211597e+03, 1.25310779e+03,
       2.17537891e+03, 1.36446069e+03, 2.20968091e+03, 1.47822046e+03,
       2.24467090e+03, 1.59480884e+03, 2.28111597e+03, 9.06951782e+02,
       2.19234497e+03, 1.01066907e+03, 2.22526001e+03, 1.11660657e+03,
       2.25908960e+03, 1.22481787e+03, 2.29344775e+03, 1.33553943e+03,
       2.32910742e+03, 1.44859558e+03, 2.36555200e+03, 1.56458130e+03,
       2.40340771e+03, 8.81012512e+02, 2.30599268e+03, 9.83938354e+02,
       2.34022656e+03, 1.08975696e+03, 2.37486475e+03, 1.19722852e+03,
       2.41090771e+03, 1.30570618e+03, 2.44818433e+03, 1.41830347e+03,
       2.48609961e+03, 1.53408337e+03, 2.52528979e+03, 8.80333008e+02,
       1.15343176e+03, 1.02353754e+03, 1.17183667e+03, 1.16609998e+03,
       1.19028210e+03, 1.30869971e+03, 1.20906250e+03, 1.45253979e+03,
       1.22762244e+03, 1.59755945e+03, 1.24652551e+03, 1.74443188e+03,
       1.26463025e+03, 8.77603943e+02, 1.30130554e+03, 1.01685577e+03,
       1.31972424e+03, 1.15638513e+03, 1.33839758e+03, 1.29664148e+03,
       1.35732544e+03, 1.43830835e+03, 1.37618103e+03, 1.58033911e+03,
       1.39566260e+03, 1.72476978e+03, 1.41398181e+03, 8.73695679e+02,
       1.44363782e+03, 1.01057831e+03, 1.46227002e+03, 1.14773901e+03,
       1.48097925e+03, 1.28582800e+03, 1.50021472e+03, 1.42410193e+03,
       1.51970630e+03, 1.56357922e+03, 1.53927600e+03, 1.70518823e+03,
       1.55798169e+03, 8.70106079e+02, 1.58071497e+03, 1.00407159e+03,
